Sim Bolt Bolt PGS-LMM fastGWA fastGWA PGS-LMM
0 478 533 431 507
1 508 549 457 529
2 483 529 442 505
3 484 540 437 524
4 492 547 457 532
5 516 550 463 526
6 504 552 460 533
7 477 527 427 519
8 493 539 441 507
9 497 548 449 542
10 474 541 426 533
11 502 549 459 520
12 494 553 451 543
13 479 768 439 516
14 513 552 460 538
15 497 544 459 536
16 493 542 450 530
17 480 547 437 516
18 480 532 439 505
19 490 542 442 527
20 484 546 446 533
21 498 552 457 524
22 496 540 454 512
23 487 533 439 505
24 503 555 460 534
25 498 546 445 531
26 473 531 437 513
27 495 547 442 538
28 472 519 428 500
29 499 552 454 533
30 475 517 425 501
31 497 535 453 506
32 467 526 423 520
33 473 536 441 507
34 474 533 431 518
35 458 515 419 499
36 484 544 439 522
37 501 547 457 520
38 494 546 447 530
39 495 565 450 541
40 489 554 445 529
41 490 537 448 522
42 473 521 421 508
43 490 541 434 523
44 499 559 454 545
45 495 531 445 502
46 487 538 444 526
47 507 562 456 540
48 502 554 447 538
49 502 548 465 516
50 504 556 453 536
51 483 534 437 518
52 498 540 434 524
53 497 547 445 520
54 514 553 451 530
55 473 529 426 508
56 483 538 434 528
57 483 531 447 512
58 494 536 452 519
59 486 529 443 508
60 498 560 460 538
61 499 562 460 537
62 486 531 443 515
63 480 529 444 509
64 501 530 454 509
65 504 544 446 524
66 497 536 441 522
67 479 537 433 519
68 475 535 437 522
69 501 543 461 529
70 484 537 440 519
71 504 552 455 512
72 481 544 442 521
73 508 567 468 543
74 507 550 463 515
75 485 538 425 522
76 521 561 466 529
77 497 545 427 537
78 499 541 449 512
79 493 536 454 523
80 483 542 444 522
81 484 541 435 519
82 507 539 447 508
83 448 488 406 462
84 502 549 459 540
85 495 534 456 508
86 477 536 434 512
87 490 536 455 514
88 470 542 434 527
89 505 548 436 522
90 492 548 442 521
91 482 524 449 513
92 500 554 445 539
93 485 536 431 507
94 473 516 431 506
95 513 550 456 526
96 494 536 459 509
97 476 513 434 483
98 491 539 453 526
99 497 538 462 518
100 494 536 437 517
