method value p se lwr upr h2
fastGWA 13 0.013 0.00358203852575597 0.00583592294848806 0.0201640770515119 0.02
fastGWA 36 0.036 0.00589101010014412 0.0242179797997118 0.0477820202002882 0.04
fastGWA 65 0.065 0.00779583221984671 0.0494083355603066 0.0805916644396934 0.06
fastGWA 112 0.112 0.00997276290703835 0.0920544741859233 0.131945525814077 0.08
fastGWA 126 0.126 0.010493998284734 0.105012003430532 0.146987996569468 0.1
fastGWA 171 0.171 0.0119062588582644 0.147187482283471 0.194812517716529 0.12
fastGWA 171 0.171 0.0119062588582644 0.147187482283471 0.194812517716529 0.14
fastGWA 213 0.213 0.0129472390879291 0.187105521824142 0.238894478175858 0.16
fastGWA 228 0.228 0.0132671021704063 0.201465795659187 0.254534204340813 0.18
fastGWA 250 0.25 0.0136930639376292 0.222613872124742 0.277386127875258 0.2
fastGWA 285 0.285 0.0142749781085647 0.256450043782871 0.313549956217129 0.22
fastGWA 290 0.29 0.0143492160064583 0.261301567987083 0.318698432012917 0.24
fastGWA 323 0.323 0.0147875285291356 0.293424942941729 0.352575057058271 0.26
fastGWA 319 0.319 0.0147390298188178 0.289521940362364 0.348478059637636 0.28
fastGWA 345 0.345 0.0150324648677454 0.314935070264509 0.375064929735491 0.3
fastGWA 373 0.373 0.0152928414625929 0.342414317074814 0.403585682925186 0.32
fastGWA 378 0.378 0.0153334927527945 0.347333014494411 0.408666985505589 0.34
fastGWA 369 0.369 0.0152590628807932 0.338481874238414 0.399518125761586 0.36
fastGWA 393 0.393 0.015445096309185 0.36210980738163 0.42389019261837 0.38
fastGWA 414 0.414 0.0155757503832079 0.382848499233584 0.445151500766416 0.4
fastGWA 404 0.404 0.0155172162451904 0.372965567509619 0.435034432490381 0.42
fastGWA 439 0.439 0.0156932788161047 0.407613442367791 0.470386557632209 0.44
fastGWA 442 0.442 0.0157046489932122 0.410590702013576 0.473409297986424 0.46
fastGWA 441 0.441 0.0157009235397157 0.409598152920569 0.472401847079432 0.48
fastGWA 451 0.451 0.015735278834517 0.419529442330966 0.482470557669034 0.5
fastGWA 467 0.467 0.0157769135131052 0.43544617297379 0.49855382702621 0.52
fastGWA 475 0.475 0.0157916116973538 0.443416776605292 0.506583223394708 0.54
fastGWA 469 0.469 0.0157809695519635 0.437438060896073 0.500561939103927 0.56
fastGWA 515 0.515 0.0158042715744826 0.483391456851035 0.546608543148965 0.58
fastGWA 493 0.493 0.0158098387088547 0.461380322582291 0.524619677417709 0.6
fastGWA 506 0.506 0.0158102498398982 0.474379500320204 0.537620499679796 0.62
fastGWA 496 0.496 0.0158108823283206 0.464378235343359 0.527621764656641 0.64
fastGWA 499 0.499 0.0158113566780337 0.467377286643933 0.530622713356067 0.66
fastGWA 514 0.514 0.0158051890213309 0.482389621957338 0.545610378042662 0.68
fastGWA 518 0.518 0.0158011391994375 0.486397721601125 0.549602278398875 0.7
fastGWA 535 0.535 0.0157726028289563 0.503454794342087 0.566545205657913 0.72
fastGWA 532 0.532 0.0157789733506334 0.500442053298733 0.563557946701267 0.74
fastGWA 532 0.532 0.0157789733506334 0.500442053298733 0.563557946701267 0.76
fastGWA 542 0.542 0.0157555069737537 0.510488986052493 0.573511013947507 0.78
fastGWA 558 0.558 0.0157046489932122 0.526590702013576 0.589409297986424 0.8
fastGWA 568 0.568 0.0156644821171975 0.536671035765605 0.599328964234395 0.82
fastGWA 552 0.552 0.0157256478403912 0.520548704319218 0.583451295680782 0.84
fastGWA 575 0.575 0.0156324982008635 0.543735003598273 0.606264996401727 0.86
fastGWA 572 0.572 0.0156465970741245 0.540706805851751 0.603293194148249 0.88
fastGWA 558 0.558 0.0157046489932122 0.526590702013576 0.589409297986424 0.9
fastGWA 570 0.57 0.0156556698994326 0.538688660201135 0.601311339798865 0.92
fastGWA 585 0.585 0.0155812387184075 0.553837522563185 0.616162477436815 0.94
fastGWA 595 0.595 0.0155233694795943 0.563953261040811 0.626046738959189 0.96
fastGWA-PGS 16 0.016 0.00396787096564392 0.00806425806871216 0.0239357419312878 0.02
fastGWA-PGS 38 0.038 0.00604615580348373 0.0259076883930325 0.0500923116069675 0.04
fastGWA-PGS 67 0.067 0.00790638982089803 0.0511872203582039 0.0828127796417961 0.06
fastGWA-PGS 118 0.118 0.0102017645532525 0.0975964708934949 0.138403529106505 0.08
fastGWA-PGS 128 0.128 0.0105648473723003 0.106870305255399 0.149129694744601 0.1
fastGWA-PGS 186 0.186 0.01230463327369 0.16139073345262 0.21060926654738 0.12
fastGWA-PGS 187 0.187 0.0123300851578568 0.162339829684286 0.211660170315714 0.14
fastGWA-PGS 238 0.238 0.0134668481835951 0.21106630363281 0.26493369636719 0.16
fastGWA-PGS 255 0.255 0.0137831418769452 0.22743371624611 0.28256628375389 0.18
fastGWA-PGS 287 0.287 0.0143049292203771 0.258390141559246 0.315609858440754 0.2
fastGWA-PGS 337 0.337 0.0149476085043729 0.307104782991254 0.366895217008746 0.22
fastGWA-PGS 331 0.331 0.0148808265899445 0.301238346820111 0.360761653179889 0.24
fastGWA-PGS 374 0.374 0.0153011110707687 0.343397777858463 0.404602222141537 0.26
fastGWA-PGS 362 0.362 0.0151972365909069 0.331605526818186 0.392394473181814 0.28
fastGWA-PGS 398 0.398 0.0154788888490098 0.36704222230198 0.42895777769802 0.3
fastGWA-PGS 415 0.415 0.0155812387184075 0.383837522563185 0.446162477436815 0.32
fastGWA-PGS 427 0.427 0.0156419627924375 0.395716074415125 0.458283925584875 0.34
fastGWA-PGS 422 0.422 0.015617810345884 0.390764379308232 0.453235620691768 0.36
fastGWA-PGS 476 0.476 0.0157931630777371 0.444413673844526 0.507586326155474 0.38
fastGWA-PGS 467 0.467 0.0157769135131052 0.43544617297379 0.49855382702621 0.4
fastGWA-PGS 475 0.475 0.0157916116973538 0.443416776605292 0.506583223394708 0.42
fastGWA-PGS 521 0.521 0.015797436500901 0.489405126998198 0.552594873001802 0.44
fastGWA-PGS 516 0.516 0.0158032907965398 0.48439341840692 0.54760658159308 0.46
fastGWA-PGS 525 0.525 0.0157916116973538 0.493416776605292 0.556583223394708 0.48
fastGWA-PGS 531 0.531 0.0157809695519635 0.499438060896073 0.562561939103927 0.5
fastGWA-PGS 542 0.542 0.0157555069737537 0.510488986052493 0.573511013947507 0.52
fastGWA-PGS 564 0.564 0.0156813264745046 0.532637347050991 0.595362652949009 0.54
fastGWA-PGS 541 0.541 0.0157581407532742 0.509483718493452 0.572516281506548 0.56
fastGWA-PGS 603 0.603 0.0154722655096143 0.572055468980771 0.633944531019229 0.58
fastGWA-PGS 589 0.589 0.0155588881350821 0.557882223729836 0.620117776270164 0.6
fastGWA-PGS 621 0.621 0.0153414145371279 0.590317170925744 0.651682829074256 0.62
fastGWA-PGS 560 0.56 0.0156971334962789 0.528605733007442 0.591394266992558 0.64
fastGWA-PGS 589 0.589 0.0155588881350821 0.557882223729836 0.620117776270164 0.66
fastGWA-PGS 617 0.617 0.0153724103510152 0.58625517929797 0.64774482070203 0.68
fastGWA-PGS 613 0.613 0.015402305022301 0.582195389955398 0.643804610044602 0.7
fastGWA-PGS 633 0.633 0.0152417518678136 0.602516496264373 0.663483503735627 0.72
fastGWA-PGS 651 0.651 0.0150731217735411 0.620853756452918 0.681146243547082 0.74
fastGWA-PGS 631 0.631 0.0152590628807932 0.600481874238414 0.661518125761586 0.76
fastGWA-PGS 658 0.658 0.0150011999520038 0.627997600095992 0.688002399904008 0.78
fastGWA-PGS 652 0.652 0.0150630674166984 0.621873865166603 0.682126134833397 0.8
fastGWA-PGS 712 0.712 0.0143197765345692 0.683360446930862 0.740639553069138 0.82
fastGWA-PGS 650 0.65 0.0150831031289984 0.619833793742003 0.680166206257997 0.84
fastGWA-PGS 689 0.689 0.0146382717559144 0.659723456488171 0.718276543511829 0.86
fastGWA-PGS 699 0.699 0.0145051370210695 0.669989725957861 0.728010274042139 0.88
fastGWA-PGS 671 0.671 0.0148579608291313 0.641284078341737 0.700715921658263 0.9
fastGWA-PGS 723 0.723 0.0141517136771488 0.694696572645702 0.751303427354298 0.92
fastGWA-PGS 724 0.724 0.0141359117144951 0.69572817657101 0.75227182342899 0.94
fastGWA-PGS 728 0.728 0.0140718158032288 0.699856368393542 0.756143631606458 0.96
Bolt-LMM 15 0.015 0.00384382621875651 0.00731234756248697 0.022687652437513 0.02
Bolt-LMM 38 0.038 0.00604615580348373 0.0259076883930325 0.0500923116069675 0.04
Bolt-LMM 63 0.063 0.0076831634109916 0.0476336731780168 0.0783663268219832 0.06
Bolt-LMM 111 0.111 0.00993373041711924 0.0911325391657615 0.130867460834238 0.08
Bolt-LMM 126 0.126 0.010493998284734 0.105012003430532 0.146987996569468 0.1
Bolt-LMM 176 0.176 0.0120425910833176 0.151914817833365 0.200085182166635 0.12
Bolt-LMM 184 0.184 0.0122533260790693 0.159493347841861 0.208506652158139 0.14
Bolt-LMM 221 0.221 0.0131209374665075 0.194758125066985 0.247241874933015 0.16
Bolt-LMM 233 0.233 0.0133682833602524 0.206263433279495 0.259736566720505 0.18
Bolt-LMM 265 0.265 0.0139561814261638 0.237087637147672 0.292912362852328 0.2
Bolt-LMM 292 0.292 0.0143783170086071 0.263243365982786 0.320756634017214 0.22
Bolt-LMM 290 0.29 0.0143492160064583 0.261301567987083 0.318698432012917 0.24
Bolt-LMM 334 0.334 0.0149145566477854 0.304170886704429 0.363829113295571 0.26
Bolt-LMM 331 0.331 0.0148808265899445 0.301238346820111 0.360761653179889 0.28
Bolt-LMM 357 0.357 0.0151509405648626 0.326698118870275 0.387301881129725 0.3
Bolt-LMM 395 0.395 0.0154588162548107 0.364082367490379 0.425917632509621 0.32
Bolt-LMM 394 0.394 0.0154519901630826 0.363096019673835 0.424903980326165 0.34
Bolt-LMM 392 0.392 0.015438134602341 0.361123730795318 0.422876269204682 0.36
Bolt-LMM 426 0.426 0.0156372631876553 0.394725473624689 0.457274526375311 0.38
Bolt-LMM 442 0.442 0.0157046489932122 0.410590702013576 0.473409297986424 0.4
Bolt-LMM 439 0.439 0.0156932788161047 0.407613442367791 0.470386557632209 0.42
Bolt-LMM 475 0.475 0.0157916116973538 0.443416776605292 0.506583223394708 0.44
Bolt-LMM 473 0.473 0.0157883184665119 0.441423363066976 0.504576636933024 0.46
Bolt-LMM 483 0.483 0.0158022466757104 0.451395506648579 0.514604493351421 0.48
Bolt-LMM 490 0.49 0.0158082257068907 0.458383548586219 0.521616451413781 0.5
Bolt-LMM 494 0.494 0.0158102498398982 0.462379500320204 0.525620499679796 0.52
Bolt-LMM 518 0.518 0.0158011391994375 0.486397721601125 0.549602278398875 0.54
Bolt-LMM 505 0.505 0.0158105977116616 0.473378804576677 0.536621195423323 0.56
Bolt-LMM 557 0.557 0.0157083099027235 0.525583380194553 0.588416619805447 0.58
Bolt-LMM 533 0.533 0.0157769135131052 0.50144617297379 0.56455382702621 0.6
Bolt-LMM 569 0.569 0.0156601085564564 0.537679782887087 0.600320217112913 0.62
Bolt-LMM 538 0.538 0.0157656588825206 0.506468682234959 0.569531317765041 0.64
Bolt-LMM 548 0.548 0.0157383607786834 0.516523278442633 0.579476721557367 0.66
Bolt-LMM 575 0.575 0.0156324982008635 0.543735003598273 0.606264996401727 0.68
Bolt-LMM 574 0.574 0.0156372631876553 0.542725473624689 0.605274526375311 0.7
Bolt-LMM 594 0.594 0.0155294558822903 0.562941088235419 0.625058911764581 0.72
Bolt-LMM 597 0.597 0.0155109960995418 0.565978007800916 0.628021992199084 0.74
Bolt-LMM 586 0.586 0.0155757503832079 0.554848499233584 0.617151500766416 0.76
Bolt-LMM 581 0.581 0.0156025318458255 0.549794936308349 0.612205063691651 0.78
Bolt-LMM 616 0.616 0.0153799869960933 0.585240026007813 0.646759973992187 0.8
Bolt-LMM 634 0.634 0.0152329905140127 0.603534018971975 0.664465981028025 0.82
Bolt-LMM 615 0.615 0.0153874949228261 0.584225010154348 0.645774989845652 0.84
Bolt-LMM 629 0.629 0.0152760924322943 0.598447815135411 0.659552184864589 0.86
Bolt-LMM 628 0.628 0.0152845019545944 0.597430996090811 0.658569003909189 0.88
Bolt-LMM 626 0.626 0.0153011110707687 0.595397777858463 0.656602222141537 0.9
Bolt-LMM 633 0.633 0.0152417518678136 0.602516496264373 0.663483503735627 0.92
Bolt-LMM 655 0.655 0.0150324648677454 0.624935070264509 0.685064929735491 0.94
Bolt-LMM 664 0.664 0.0149366662947259 0.634126667410548 0.693873332589452 0.96
