variable value N p se lwr upr
fastGWA 37 40 0.925 0.0416458281223942 0.841708343755212 1.00829165624479
fastGWA 66 80 0.825 0.0424816136699161 0.740036772660168 0.909963227339832
fastGWA 90 120 0.75 0.0395284707521047 0.670943058495791 0.829056941504209
fastGWA 119 160 0.74375 0.034513216444936 0.674723567110128 0.812776432889872
fastGWA 140 200 0.7 0.0324037034920393 0.635192593015921 0.764807406984079
fastGWA 157 240 0.654166666666667 0.0307023776826872 0.592761911301292 0.715571422032041
fastGWA 191 280 0.682142857142857 0.0278275287383758 0.626487799666106 0.737797914619609
fastGWA 229 320 0.715625 0.0252181642977215 0.665188671404557 0.766061328595443
fastGWA 252 360 0.7 0.0241522945769824 0.651695410846035 0.748304589153965
fastGWA 259 400 0.6475 0.0238874313185826 0.599725137362835 0.695274862637165
fastGWA 264 440 0.6 0.0233549683248457 0.553290063350309 0.646709936649691
fastGWA 303 480 0.63125 0.0220214591128366 0.587207081774327 0.675292918225673
fastGWA 276 520 0.530769230769231 0.0218848935621509 0.486999443644929 0.574539017893533
fastGWA 329 560 0.5875 0.0208028050134729 0.545894389973054 0.629105610026946
fastGWA 328 600 0.546666666666667 0.0203233126491976 0.506020041368271 0.587313291965062
fastGWA 358 640 0.559375 0.0196243873063196 0.520126225387361 0.598623774612639
fastGWA 374 680 0.55 0.0190780132150938 0.511843973569812 0.588156026430188
fastGWA 380 720 0.527777777777778 0.018605121571676 0.490567534634426 0.56498802092113
fastGWA 390 760 0.513157894736842 0.0181306250729073 0.476896644591028 0.549419144882657
fastGWA 394 800 0.4925 0.0176756806799625 0.457148638640075 0.527851361359925
fastGWA 404 840 0.480952380952381 0.0172391162424233 0.446474148467534 0.515430613437228
fastGWA 400 880 0.454545454545455 0.0167852033153636 0.420975047914727 0.488115861176182
fastGWA 449 920 0.48804347826087 0.0164797979616382 0.455083882337593 0.521003074184146
fastGWA 420 960 0.4375 0.0160108605718119 0.405478278856376 0.469521721143624
fastGWA 435 1000 0.435 0.0156772127624779 0.403645574475044 0.466354425524956
fastGWA 473 1040 0.454807692307692 0.015440881530156 0.42392592924738 0.485689455368004
fastGWA 454 1080 0.42037037037037 0.015020329497947 0.390329711374476 0.450411029366264
fastGWA 497 1120 0.44375 0.0148455121134542 0.414058975773092 0.473441024226908
fastGWA 508 1160 0.437931034482759 0.0145669513625766 0.408797131757605 0.467064937207912
fastGWA 503 1200 0.419166666666667 0.0142438867653876 0.390678893135891 0.447654440197442
fastGWA 503 1240 0.405645161290323 0.0139439304755334 0.377757300339256 0.433533022241389
fastGWA 494 1280 0.3859375 0.013606918796544 0.358723662406912 0.413151337593088
fastGWA 516 1320 0.390909090909091 0.0134304937281963 0.364048103452698 0.417770078365484
fastGWA 530 1360 0.389705882352941 0.0132241759337513 0.363257530485439 0.416154234220444
fastGWA 536 1400 0.382857142857143 0.012991138491306 0.356874865874531 0.408839419839755
fastGWA 516 1440 0.358333333333333 0.0126362176664372 0.333060898000459 0.383605768666208
fastGWA 536 1480 0.362162162162162 0.0124932611689368 0.337175639824289 0.387148684500036
fastGWA 517 1520 0.340131578947368 0.0121515130081916 0.315828552930985 0.364434604963752
fastGWA 552 1560 0.353846153846154 0.0121063411349558 0.329633471576242 0.378058836116065
fastGWA 544 1600 0.34 0.011842719282327 0.316314561435346 0.363685438564654
fastGWA 544 1640 0.331707317073171 0.0116262311929535 0.308454854687264 0.354959779459078
fastGWA 544 1680 0.323809523809524 0.0114162821302925 0.300976959548939 0.346642088070109
fastGWA 562 1720 0.326744186046512 0.011309144862376 0.30412589632176 0.349362475771264
fastGWA 569 1760 0.323295454545455 0.0111491821860625 0.30099709017333 0.34559381891758
fastGWA 567 1800 0.315 0.0109487442202291 0.293102511559542 0.336897488440458
fastGWA 579 1840 0.314673913043478 0.010826051547816 0.293021809947846 0.33632601613911
fastGWA 583 1880 0.310106382978723 0.0106676188846119 0.2887711452095 0.331441620747947
fastGWA 553 1920 0.288020833333333 0.0103346311239632 0.267351571085407 0.30869009558126
fastGWA 576 1960 0.293877551020408 0.0102895215182643 0.27329850798388 0.314456594056937
fastGWA 572 2000 0.286 0.010104553429024 0.265790893141952 0.306209106858048
PGS-LMM 37 40 0.925 0.0416458281223942 0.841708343755212 1.00829165624479
PGS-LMM 68 80 0.85 0.0399217985566783 0.770156402886643 0.929843597113357
PGS-LMM 96 120 0.8 0.0365148371670111 0.726970325665978 0.873029674334022
PGS-LMM 128 160 0.8 0.0316227766016838 0.736754446796632 0.863245553203368
PGS-LMM 152 200 0.76 0.030199337741083 0.699601324517834 0.820398675482166
PGS-LMM 173 240 0.720833333333333 0.0289563348630952 0.662920663607143 0.778746003059524
PGS-LMM 208 280 0.742857142857143 0.0261192600094305 0.690618622838282 0.795095662876004
PGS-LMM 249 320 0.778125 0.0232275755013707 0.731669848997259 0.824580151002741
PGS-LMM 267 360 0.741666666666667 0.0230697747317315 0.695527117203204 0.78780621613013
PGS-LMM 275 400 0.6875 0.0231756202721739 0.641148759455652 0.733851240544348
PGS-LMM 285 440 0.647727272727273 0.0227724241579273 0.602182424411418 0.693272121043127
PGS-LMM 334 480 0.695833333333333 0.0209984774029152 0.653836378527503 0.737830288139164
PGS-LMM 314 520 0.603846153846154 0.0214483268278473 0.560949500190459 0.646742807501848
PGS-LMM 368 560 0.657142857142857 0.0200582242862133 0.617026408570431 0.697259305715284
PGS-LMM 361 600 0.601666666666667 0.0199859904636927 0.561694685739281 0.641638647594052
PGS-LMM 396 640 0.61875 0.0191987319527554 0.580352536094489 0.657147463905511
PGS-LMM 416 680 0.611764705882353 0.01868896538693 0.574386775108493 0.649142636656213
PGS-LMM 432 720 0.6 0.0182574185835055 0.563485162832989 0.636514837167011
PGS-LMM 424 760 0.557894736842105 0.0180149133923588 0.521864910057388 0.593924563626823
PGS-LMM 445 800 0.55625 0.0175654468168333 0.521119106366333 0.591380893633667
PGS-LMM 460 840 0.547619047619048 0.0171732220367535 0.513272603545541 0.581965491692555
PGS-LMM 474 880 0.538636363636364 0.0168045999994644 0.505027163637435 0.572245563635292
PGS-LMM 532 920 0.578260869565217 0.0162813322115056 0.545698205142206 0.610823533988229
PGS-LMM 461 960 0.480208333333333 0.0161247832650343 0.447958766803265 0.512457899863402
PGS-LMM 503 1000 0.503 0.015811103693291 0.471377792613418 0.534622207386582
PGS-LMM 567 1040 0.545192307692308 0.015440881530156 0.514310544631996 0.57607407075262
PGS-LMM 539 1080 0.499074074074074 0.0152144893982427 0.468645095277589 0.52950305287056
PGS-LMM 574 1120 0.5125 0.014935688025187 0.482628623949626 0.542371376050374
PGS-LMM 568 1160 0.489655172413793 0.0146773630695136 0.460300446274766 0.51900989855282
PGS-LMM 606 1200 0.505 0.0144330350238611 0.476133929952278 0.533866070047722
PGS-LMM 605 1240 0.487903225806452 0.0141948896998893 0.459513446406673 0.51629300520623
PGS-LMM 578 1280 0.4515625 0.013909692231098 0.423743115537804 0.479381884462196
PGS-LMM 627 1320 0.475 0.0137448337401896 0.447510332519621 0.502489667480379
PGS-LMM 643 1360 0.472794117647059 0.0135380683294259 0.445717980988207 0.499870254305911
PGS-LMM 641 1400 0.457857142857143 0.0133155113520134 0.431226120153116 0.48448816556117
PGS-LMM 604 1440 0.419444444444444 0.0130040272199384 0.393436390004568 0.445452498884321
PGS-LMM 650 1480 0.439189189189189 0.0129003992523731 0.413388390684443 0.464989987693936
PGS-LMM 661 1520 0.434868421052632 0.0127154557171428 0.409437509618346 0.460299332486917
PGS-LMM 671 1560 0.430128205128205 0.0125350261135572 0.405058152901091 0.455198257355319
PGS-LMM 679 1600 0.424375 0.0123561942809821 0.399662611438036 0.449087388561964
PGS-LMM 680 1640 0.414634146341463 0.0121653413891816 0.3903034635631 0.438964829119827
PGS-LMM 691 1680 0.411309523809524 0.0120053063523987 0.387298911104726 0.435320136514321
PGS-LMM 722 1720 0.419767441860465 0.0118998421089385 0.395967757642588 0.443567126078342
PGS-LMM 707 1760 0.401704545454545 0.0116857042523144 0.378333136949917 0.425075953959174
PGS-LMM 716 1800 0.397777777777778 0.0115361898505902 0.374705398076597 0.420850157478958
PGS-LMM 684 1840 0.371739130434783 0.0112662720324864 0.34920658636981 0.394271674499755
PGS-LMM 733 1880 0.389893617021277 0.0112485598233574 0.367396497374562 0.412390736667991
PGS-LMM 708 1920 0.36875 0.0110107295564183 0.346728540887163 0.390771459112837
PGS-LMM 757 1960 0.386224489795918 0.0109975677570228 0.364229354281873 0.408219625309964
PGS-LMM 697 2000 0.3485 0.010654758326682 0.327190483346636 0.369809516653364
Bolt-LMM 37 40 0.925 0.0416458281223942 0.841708343755212 1.00829165624479
Bolt-LMM 67 80 0.8375 0.041245264879741 0.755009470240518 0.919990529759482
Bolt-LMM 93 120 0.775 0.0381198767049423 0.698760246590115 0.851239753409885
Bolt-LMM 121 160 0.75625 0.0339425928499135 0.688364814300173 0.824135185699827
Bolt-LMM 147 200 0.735 0.0312069703752223 0.672586059249556 0.797413940750444
Bolt-LMM 162 240 0.675 0.0302334665561196 0.614533066887761 0.735466933112239
Bolt-LMM 197 280 0.703571428571429 0.0272919842673231 0.648987460036782 0.758155397106075
Bolt-LMM 233 320 0.728125 0.0248721094033432 0.678380781193314 0.777869218806686
Bolt-LMM 257 360 0.713888888888889 0.0238194331965564 0.666250022495776 0.761527755282002
Bolt-LMM 262 400 0.655 0.0237684139142687 0.607463172171463 0.702536827828537
Bolt-LMM 271 440 0.615909090909091 0.0231872360384205 0.56953461883225 0.662283562985932
Bolt-LMM 318 480 0.6625 0.02158287081229 0.61933425837542 0.70566574162458
Bolt-LMM 296 520 0.569230769230769 0.0217152507819397 0.52580026766689 0.612661270794648
Bolt-LMM 344 560 0.614285714285714 0.0205695152171416 0.573146683851431 0.655424744719998
Bolt-LMM 340 600 0.566666666666667 0.0202301571733701 0.526206352319926 0.607126981013407
Bolt-LMM 374 640 0.584375 0.0194807942028408 0.545413411594318 0.623336588405682
Bolt-LMM 393 680 0.577941176470588 0.0189397330952986 0.540061710279991 0.615820642661185
Bolt-LMM 401 720 0.556944444444444 0.0185126582162537 0.519919128011937 0.593969760876952
Bolt-LMM 408 760 0.536842105263158 0.0180876033179961 0.500666898627166 0.57301731189915
Bolt-LMM 415 800 0.51875 0.0176652355454152 0.48341952890917 0.55408047109083
Bolt-LMM 434 840 0.516666666666667 0.0172420520759091 0.482182562514849 0.551150770818485
Bolt-LMM 434 880 0.493181818181818 0.016853429391936 0.459474959397946 0.52688867696569
Bolt-LMM 491 920 0.533695652173913 0.0164470363071157 0.500801579559682 0.566589724788144
Bolt-LMM 442 960 0.460416666666667 0.016086781572997 0.428243103520673 0.492590229812661
Bolt-LMM 473 1000 0.473 0.0157883184665119 0.441423363066976 0.504576636933024
Bolt-LMM 519 1040 0.499038461538462 0.0155043131543534 0.468029835229755 0.530047087847168
Bolt-LMM 495 1080 0.458333333333333 0.0151615952720489 0.428010142789235 0.488656523877431
Bolt-LMM 532 1120 0.475 0.0149216704828917 0.445156659034217 0.504843340965783
Bolt-LMM 554 1160 0.477586206896552 0.0146657477406369 0.448254711415278 0.506917702377826
Bolt-LMM 554 1200 0.461666666666667 0.0143912750059297 0.432884116654807 0.490449216678526
Bolt-LMM 537 1240 0.433064516129032 0.014071236991929 0.404922042145174 0.46120699011289
Bolt-LMM 538 1280 0.4203125 0.0137967926057492 0.392718914788502 0.447906085211498
Bolt-LMM 551 1320 0.417424242424242 0.0135730694888475 0.390278103446547 0.444570381401937
Bolt-LMM 585 1360 0.430147058823529 0.0134251894117703 0.403296679999989 0.45699743764707
Bolt-LMM 584 1400 0.417142857142857 0.0131783018057702 0.390786253531317 0.443499460754397
Bolt-LMM 559 1440 0.388194444444444 0.0128425161342152 0.362509412176014 0.413879476712875
Bolt-LMM 589 1480 0.397972972972973 0.012723421841182 0.372526129290609 0.423419816655337
Bolt-LMM 578 1520 0.380263157894737 0.0124515663948742 0.355360025104988 0.405166290684485
Bolt-LMM 612 1560 0.392307692307692 0.0123621207744046 0.367583450758883 0.417031933856501
Bolt-LMM 613 1600 0.383125 0.0121537091656981 0.358817581668604 0.407432418331396
Bolt-LMM 630 1640 0.384146341463415 0.0120106134417086 0.360125114579997 0.408167568346832
Bolt-LMM 599 1680 0.356547619047619 0.0116859045740476 0.333175809899524 0.379919428195714
Bolt-LMM 614 1720 0.356976744186047 0.0115523164971958 0.333872111191655 0.380081377180438
Bolt-LMM 638 1760 0.3625 0.0114587637660201 0.33958247246796 0.38541752753204
Bolt-LMM 627 1800 0.348333333333333 0.0112298516419957 0.325873630049342 0.370793036617325
Bolt-LMM 630 1840 0.342391304347826 0.0110620654926906 0.320267173362445 0.364515435333207
Bolt-LMM 642 1880 0.341489361702128 0.0109368199495917 0.319615721802944 0.363363001601311
Bolt-LMM 615 1920 0.3203125 0.0106485621668234 0.299015375666353 0.341609624333647
Bolt-LMM 644 1960 0.328571428571429 0.010609301004547 0.307352826562335 0.349790030580522
Bolt-LMM 649 2000 0.3245 0.0104689958926346 0.303562008214731 0.345437991785269
